0.08075386665610429
0.3523170989165504
0.6828168549507266
0.3102167918045262
0.9388037754366824
0.03423495590308223
0.3777788713774628
0.5760740528706214
0.24580573288635388
0.8139602184447003
0.23982660467364925
0.3429105427656194
0.876290437198844
0.7140006508775419
0.35896590863732514
0.03752360008562139
0.9479104704444428
0.5809199381670587
0.6041257480195389
0.36099963828610604
0.963520196115351
0.4767024020768763
0.656435795718955
0.5339145917929873
0.9788765130115817
0.31221070792124284
0.9473971814025134
0.48577448566541714
0.16932351994320793
0.827084862193106
0.6758413765602069
0.7118178276203896
0.2768982626508374
0.060396578217557395
0.007593427686277354
0.2592955393203209
0.6174117346465438
0.3382134194475389
0.33772968406077475
0.07970145190171207
0.25487366336686057
0.5100017285492945
0.6385598613233963
0.03602920937456988
0.37457083992395845
0.7308266097147262
0.31600366667305646
0.34796138738504967
0.9888276168905633
0.9919913557566564
0.8829670920362692
0.6672087132668476
0.7104592154684908
0.7603807553157065
0.10281419126296165
0.9751790302508478
0.7516665928346968
0.19777062854002214
0.34057277836667976
0.9886632983255788
0.4127334158528754
0.15807038175836308
0.32302172951046204
0.61985122191441
0.44351991884804687
0.6563848077256843
0.20289918909615123
0.7327252495047623
0.24816076707472634
0.1117121509036404
0.39794839608339416
0.8325303230853834
0.8082635490544721
0.8069357873140107
0.1904900278358349
0.9087457537420982
0.9907224174907794
0.5461415600512002
0.8347798117458484
0.7074149532110815
0.5697292225741863
0.17706811139854595
0.9982536796333317
0.29514865259590706
0.40265985999449483
0.9459241798806118
0.28620499897898355
0.8384334807632138
0.2696383107594592
0.08843578603178148
0.9046226807290775
2.4059772840701044e-06
0.1601975397482588
0.7770600303709764
0.5999384852933765
0.5736015244880205
0.3435012757455621
0.5466540055284104
0.5388111952568604
0.5888102652781139
0.05610730551364784
0.953676773006812
0.32820289478571507
0.6838972052694817
0.6224560623692937
0.15562461238241843
0.7252002816353247
0.9137410673156493
0.02127425916756731
0.13161446791409281
0.2532135259883228
0.7148771167760323
0.8973621077710269
0.24530981316656708
0.26912469477971535
0.80827160506705
0.0703363366741172
0.531835312378851
0.4675862704470716
0.7233830398620901
0.9381357203544504
0.14457339302483008
0.9172139772476139
0.6822211392878357
0.3362379720768961
0.5943952711982671
0.9622856606011958
0.09859817990497455
0.5912453388355857
0.3020889169666462
0.0037342013127088514
0.3236857568276663
0.5994757272118177
0.5684980545823428
0.8969985516474585
0.7498748086228572
0.03630677320440845
0.9119123334192651
0.3387337741471417
0.7494963740243581
0.5379642600132418
0.3877268543449024
0.8558118498072453
0.5109323155804825
0.008768977071711537
0.4441865451284317
0.8868158520955006
0.3385329027887124
0.1876547709554296
0.050628044239380054
0.051126230296908326
0.9573023987812953
0.42593253865305514
0.3164178366071507
0.7036094723999252
0.482211740212639
0.9106553380114237
0.435443337297431
0.2595312869088724
0.28074253231999924
0.3750449243151883
0.48401811521471927
0.6865672916594358
0.41389181064051794
0.7324650309317572
0.2827587366188462
0.2918202654881654
0.6750923656085974
0.33150123759102534
0.8294600568181882
0.5396498872480111
0.3085195547964469
0.6401083460712904
0.9829018041290666
0.8243364255118517
0.2320853606061445
0.20671585661174663
0.9153247325585706
0.10406552475118247
0.9002108092106829
0.4575860239906473
0.23934950580654057
0.790843129237869
0.5552450413456991
0.4929902930833593
0.6275577473349545
0.9775318973058729
0.14787477961233042
0.3688564208983752
0.9979599416698346
0.04805357212259953
0.9813818412354963
0.21695149913111045
0.228603945022679
0.7241792509872259
0.959372650894638
0.4873445250128524
0.4364832005459137
0.25291097344286206
0.4299839632178275
0.05626345755614037
0.1107495162108817
0.9500270019264803
0.536439117342134
0.8872135053349688
0.13768059550989897
0.1539252662313072
0.4192801726566011
0.993642390590673
0.00207248031378815
0.5722754407392123
0.2770618477430703
0.1892417220931346
0.7421564820717098
0.8970594972596667
0.45121812741034373
0.7127239416680936
0.3115213507999116
0.11265417537998368
0.4388259922391504
0.23186823870163742
0.7933183699952537
0.9937296803034193
0.31091832102715733
0.8513903047721142
0.39562961441143396
0.065085378602451
0.3503742836615963
0.6723746627937495
0.6169960152327827
0.7522306708117431
0.7393528931944938
0.9367200399965232
0.3413130111397583
0.18391612401665314
0.25699221901012304
0.05616956178613419
0.5017609193374973
0.548539524097834
0.8812200091953605
0.30540335034103194
0.10779788980389238
0.06449372043897916
0.9194804038830128
0.46461310133369416
0.7432345275179943
0.8717938773549231
0.5746168743345803
0.893789660173086
0.9188838339608506
0.8149412482329412
0.6690829218743946
0.43245578354520964
0.7315549508840972
0.22725307644479298
0.18703077352430408
0.6609754521753591
0.4401191353701277
0.33906867863464185
0.6797701313974409
0.8125850979005053
0.5901612779487837
0.48307815979606383
0.4484180152198176
0.36306488872802445
0.7428927008411197
0.6203484393321037
0.23272812210594973
0.05415951792015361
0.5080640299060075
0.10666972204765357
0.18661851472076774
0.704384752929908
0.47105498442743365
0.16028402951851883
0.06246045864938887
0.21126886570523973
0.5751604540680604
0.44893944568312294
0.17260360678168507
0.010312606360223242
0.7618612232674765
0.5742510878021081
0.19289842109279587
0.6583595186366875
0.9071654840851211
0.40037554879543424
0.6543722255891716
0.7192116563000629
0.0944902468828428
0.2383452495054167
0.16133209584056385
0.40986335893762915
0.784906390655216
0.37073202689509344
0.2748036776592572
0.22309173749223787
0.9942557097748672
0.5614859530181547
0.04923638491756832
0.10493471599380277
0.6057831293823253
0.7321623123105849
0.8232093479005708
0.5245405623705335
0.5166237146399941
0.7709964638352222
0.42041502346542403
0.9169605318845391
0.2971968358190622
0.01811507451930361
0.12186269362233815
0.5128314535308957
0.6149072568741765
0.22748865376666527
0.9890586751908054
0.8821009191909416
0.03459255861091082
0.6195568346001683
0.4395693794140263
0.6879045153415219
0.524142146825693
0.6307291715554706
0.5921506620779157
0.2318302830642328
0.6302449457383967
0.8022291376359968
0.6857422030789704
0.9664300210501481
0.977454550444325
0.9679398064312728
0.49579855605133616
0.5654183330758394
0.6356679104968825
0.3863378243883697
0.6704312676325673
0.1138237823487761
0.12858087861951495
0.4629272356260242
0.06452630115424396
0.8017202512631507
0.8548768489761137
0.9312169653913643
0.7625099843526559
0.9454899546777022
0.6621695521730488
0.6904882839196919
0.2902720707823008
0.591398830715848
0.02923899591592838
0.33577385825782713
0.7351636619723086
0.3398968371822839
0.2704961096946559
0.17072682566280428
0.8688121679735188
0.5770599821595639
0.2898246995979764
0.9850004750447717
0.7152546142797753
0.892043097225543
0.4730313361903007
0.004064311698913525
0.9276922325856594
0.4664200378006379
0.2252452943507509
0.9298665464333223
0.9590871719400575
0.4966469148710507
0.3425690068750432
0.992328955770408
0.7156634440935654
0.6897179047686951
0.6203821170063207
0.5904061170270505
0.04624147797901046
0.2638040218455905
0.09498875075290669
0.4028548294011607
0.47869076200092786
0.4891564214093319
0.26667894333627895
0.501737087169226
0.7559210751729567
0.8920837685771208
0.5011360854917386
0.4510748385591431
0.984486079341708
0.9772183538715873
0.6352285246410595
0.23799593331578095
0.7960639240460975
0.42059376894671796
0.7340819330793318
0.7043360845394511
0.6317160708163669
0.18036440658804764
0.1526431348907903
0.7208352085151364
0.8711378710562528
0.9774481776258469
0.9145995980477951
0.6878042381409113
0.9593717773561524
0.6174869740698633
0.5955708535664581
0.7785862879648443
0.708646426421219
0.09112841983637088
0.557081701800505
0.4727516549000337
0.11445576410865521
0.8243429646042875
0.3565042052471309
0.46267142709568
0.6321526785910292
0.4401249840547695
0.2819903170492669
0.8059445438294048
0.1205288053092134
0.6513468260866304
0.3887379514332291
0.8240806763674304
0.40358749095074087
0.2077872759306344
0.3360497626818245
0.5409503719374413
0.3743903926671014
0.49912331711796953
0.34065295824674946
0.7607945953596178
0.1496551658437959
0.9414743354176608
0.7319041746059729
0.17797698451100763
0.009224239160219416
0.9275342615266321
0.4824288659387541
0.27675043761318696
0.11506393981229923
0.3356154978998951
0.675897506170829
0.4955368960667469
0.7258729125057833
0.5901997862323285
0.9709918534374731
0.6538520289804023
0.9227098409585958
0.3091976714517908
0.19518093874389364
0.4551500263445807
0.8529525015825035
0.645508488291886
0.518870624920241
0.22644790477996957
0.9539234577441458
0.849931277031975
0.7070664957567665
0.4421701152268491
0.674831448500188
0.6659665970721196
0.8567995932382453
0.1573461399406033
0.07410807972495925
0.5308591258807197
0.4233419451675282
0.19370770768990409
0.8505428377275037
0.15344666827370834
0.0633406306547657
0.6997052000036872
0.7554475020853283
0.13186980449148833
0.9154001584203817
0.8711175233072272
0.11635966872711989
0.6141650783873348
0.19981016204921553
0.6505101828993941
0.7743590835603005
0.10556261848531057
0.21568428414270013
0.2847512958530881
0.7153693130058002
0.11449766887214885
0.5275723583644807
0.4214336120564146
0.25141793841328375
0.08416060223008026
0.1870758875815075
0.4273310347569993
0.3399806966783172
0.03923046155759935
0.4630625181628306
0.02862518647162915
0.7510379228561022
0.3707999594207948
0.3860620055991054
0.8225287854574879
0.06898716718902109
0.3640501892436281
0.7313679148944151
0.5542471911109998
0.26000551455556387
0.5133596719372899
0.8479619286466049
0.7831512501113773
0.4123958066809652
0.49714912769467967
0.018966696072997058
0.4656421951660631
0.5644160281671787
0.12854499884617687
0.4559573273868879
0.75245912474022
0.7341752770686564
0.13371276010397404
0.4799874370553765
0.18838101645921923
0.6996813948161124
0.7383646319236656
0.6860941118710269
0.852457892133953
0.18665476413844606
0.23889683665536532
0.5515039408358541
0.7711206766710852
0.37790803954717844
0.9291769151656641
0.8040407412237937
0.661673177446476
0.7431776233882115
0.7850551976134899
0.2616958273182607
0.5940952612030078
0.9067936315762158
0.3757211724830253
0.3466157581545286
0.6989214300584624
0.7485254399478787
0.2895166228315136
0.033515044147238604
0.21248274917242105
0.7583009952491778
0.4257780290427684
0.20944037674980154
0.20437083619100715
0.5738382608591549
0.4638013063561772
0.21824430721155053
0.7506797595699147
0.04409106970482213
0.7409972303201309
0.845804816485501
0.23558880164913287
0.6714579030442235
0.39069613857655283
0.8491601919325938
0.7255120224943498
0.8524276517231572
0.23388270857268445
0.8947639011031266
0.9532972849588977
0.32608244821821475
0.8652787216641639
0.30146778201251434
0.4537476133696213
0.3971706470013947
0.07365091694269688
0.788189939456063
0.025575242579563118
0.04277414192591977
0.5208598311962382
0.43392800051416436
0.9873166653876811
0.7685268978919303
0.5721485975473929
0.45128963272441136
0.13857980580309603
0.23444040629924456
0.3365164854764908
0.823118650860033
0.971731975498182
0.3526492096875259
0.9005533522114553
0.2212758206865788
0.053097657429212686
0.6151864125673097
0.38701270016790623
0.3327401759534089
0.33833583028138936
0.8281776664647312
0.27909021889525887
0.8471084446678355
0.7894794524371244
0.4767621540098348
0.8267318123918392
0.2773769540979044
0.0482041314326348
0.6401636247222038
0.012117463234283754
0.09447456078412464
0.5258723344181947
0.3176925787468926
0.2351302123428458
0.21981358147618035
0.9463180313692677
0.9715728301668559
0.12055377013544955
0.370508344426949
0.4596580323608761
0.4895197346208533
0.47873819626662706
0.19245429110746093
0.571688255095349
0.5999029914222221
0.018612031578645327
0.41287180347775954
0.014969396703295446
0.1774643223715613
0.6871272316637449
0.4671466929417909
0.6696071030256234
0.00043597581032905897
0.7467442328346525
0.6950363362244684
0.360970892529489
0.3348913492056742
0.18366928932544568
0.9724416520091266
0.540761163721021
0.053772002876965375
0.34040244691858645
0.6397429988720189
0.9600894202301784
0.04731026051159448
0.8619584677863743
0.4675571600543966
0.9357758098326586
0.23145476656712316
0.15924849284218323
0.5125579093556557
0.7747283519099619
0.6268267559514387
0.9199940024344648
0.45833334235663437
0.5985448145745511
0.853459566641052
0.9320600665938941
0.952206242465777
0.3853974905574703
0.34565337966765497
0.640343195988252
0.9465426421543777
0.20012510574148423
0.6364867070427356
0.14977052627141219
0.8804714854747362
0.7245204589292005
0.8593118040176353
0.5255893345104863
0.5342041357404803
0.8547156602304431
0.08602165521408989
0.28735179840884395
0.2903315180452313
0.63156077139938
0.5408191879928482
0.8064899038376891
0.23326400380096646
0.9286456160476876
0.769771552741364
0.8630366514308033
0.18067548346859874
0.516994453719328
0.9744007939505354
0.7227417801661006
0.32640751923999967
0.5076422296312025
0.7042860298301203
0.47557569084619644
0.8119527799780991
0.9935690606394352
0.8579863437369569
0.026136714048420107
0.8717972447527962
0.820269073702364
0.11523511690996024
0.3831201789283021
0.3108003023107111
0.8171303194231772
0.7814702819624975
0.604591534122889
0.4610161767040657
0.48805461404575856
0.6694131155196599
0.053223796848469895
0.30367162161928096
0.1398938349683222
0.2033699331970089
0.24682825798915486
0.13355451071821456
0.17333588617780293
0.08755423384045402
0.01987979751568547
0.27381654013760803
0.8191647595374171
0.3495945451395379
0.6510997454793861
0.465607322403064
0.3867716306215446
0.9751872238378394
0.8558479129577651
0.36208149607236984
0.2714193879231994
0.9693578970493443
0.8614245283400627
0.33431553217492116
0.9720188658493382
0.10498378997286018
0.3276706830281364
0.5563797721029818
0.25104831957297136
0.4347062968272071
0.8690570217405648
0.7457234980015375
0.3792844165534346
0.19504525820066443
0.15746807641509408
0.9784831974302428
0.004243741951948654
0.3080388853792293
0.7620327417292057
0.7849154182097507
0.14293046840114798
0.038997772181579515
0.8503574422199119
0.8697725712880683
0.1528020760210439
0.12431243078663612
0.3129594684313294
0.36969973297050374
0.3605219089251678
0.407048960351329
0.6116628825633358
0.6220355762205624
0.8810018637373229
0.8411693349887157
0.9417391019583194
0.18234666915802744
0.7985818309466722
0.32153958770433333
0.5013766195603289
0.28660076484214125
0.8808552234584882
0.9882555306883276
0.9595607795432821
0.7575347341575367
0.25061676956015344
0.058098323712506006
0.7183200652937274
0.5196289790305102
0.11160958264478238
0.722566881480963
0.7944969106685473
0.9207689862042715
0.9236461517552219
0.24950765851994683
0.0036728837634589784
0.7993573259858524
0.6000481675385823
0.1592223115021355
0.6936796176610132
0.32254108661720116
0.21880006497535953
0.21455506501139665
0.8216755394529939
0.43066449807262197
0.2327542561897119
0.5998306389330006
0.8854161084928803
0.23391695168498094
0.5508854347701614
0.6887740610110874
0.9740592293592584
0.23055603797778623
0.9573191274039934
0.7378139983677364
0.5447922826623618
0.05696934077109539
0.6550236914713866
0.6025417614564635
0.293136035478453
0.41146584541021614
0.01827888632785879
0.20809939335175165
0.06706175869877284
0.43735316815725944
0.9538597135541749
0.9110545302363149
0.19220521504651777
0.3696782144412395
0.3529483170494545
0.9729548858280814
0.1468121247019133
0.3874668109368601
0.4196118666289147
0.45889027711411245
0.8659672088844355
0.021074765037154775
0.30221126178437596
0.7411184230574304
0.07773274585088708
0.9721022612632235
0.9647510950091325
0.5289790363504395
0.5829310748577947
0.7265237101138484
0.4413088608953373
0.3679546153482449
0.3964219029235071
0.7624007982877313
0.013779612878549785
0.7336991070451376
0.7821177471331137
0.6681366493597941
0.6383828185501605
0.1266738223951811
0.7075996549694746
0.7526357422535873
0.09416959408108616
0.3958120793090597
0.5301460048914073
0.573387616667476
0.861317167993125
0.09176658574841101
0.3022554483964188
0.45684993093900894
0.8978702588839371
0.3504266973659884
0.9449490886150224
0.7503515727911511
0.3788977480475899
0.7567372232894457
0.6151374270010458
0.5240663540856699
0.28184687094458005
0.6352372815966768
0.5929560411548801
0.4141650010024195
0.7099480648018095
0.5147645744625803
0.6640200343684243
0.874266943777026
0.2849258625131078
0.6023505234257742
0.7357852044837313
0.6988155875939017
0.1376464938946279
0.32472632869019236
0.00939592379524179
0.20801935217568002
0.6975563992246815
0.3727961257210016
0.8686796630390985
0.12782048193918916
0.6654190581024491
0.4052876982151321
0.9629685620105518
0.3894849596550728
0.7659067783626483
0.10722463923428716
0.15387178250544908
0.3960644770907008
0.34873552357441595
0.6212485660131954
0.07308193805546725
0.7194412739301549
0.06915607386200262
0.7801962055322142
0.05266342671382329
0.5271088452360179
0.209169848616801
0.12915624425028616
0.38147119252780215
0.5741865616941048
0.47902390238424875
0.921687120622288
0.4406159731478817
0.37451224017421303
0.5164287134417684
0.7805184891248257
0.15138118432664882
0.6218579073905979
0.9185176275660661
0.900343637485106
0.2370106348003771
0.8982717257119639
0.29733465785975166
0.5781833248929878
0.25389249533483427
0.49059155061853266
0.9437931170300441
0.8473233827408192
0.6801727021501854
0.10615795882620327
0.24371443278553673
0.39590995795757655
0.6725962218321313
0.8703353107778703
0.7962278500078814
0.7318889384512945
0.0033432992178801246
0.822405923218906
0.9179560590660626
0.040848888087915536
0.4404479654828961
0.5373633303286792
0.5776042391971791
0.14844596250436004
0.6498632550549998
0.3099831899948807
0.2914004510128281
0.8620017626683665
0.1679161644473116
0.9460108202585094
0.24675702672676925
0.6854366653992171
0.26109977281493457
0.8674814384159573
